5833.098798274974	8319.8225
5834.073410703973	8325.78
5835.048023132973	8329.5825
5836.0226355619725	8343.5325
5836.997247990971	8358.885
5837.971860419971	8386.87
5838.94647284897	8431.5025
5839.92108527797	8499.4625
5840.895697706969	8595.775
5841.870310135969	8736.755
5842.844922564968	8919.0425
5843.819534993968	9156.6375
5844.7941474229665	9483.915
5845.768759851966	10002.94
5846.743372280966	10790.9675
5847.717984709965	12127.995
5848.692597138965	16134.8975
5849.667209567964	32530.845
5850.641821996964	48168.3075
5851.616434425962	44847.34
5852.591046854962	21553.6725
5853.565659283961	9829.0675
5854.540271712961	8656.7975
5855.5148841419605	8464.7
5856.48949657096	8404.31
5857.4641089999595	8373.465
5858.438721428959	8354.36
5859.413333857958	8341.1925
5860.387946286957	8335.095
5861.362558715957	8326.2125
5862.337171144956	8320.965
5863.311783573956	8316.6425
5864.286396002955	8313.85
5865.261008431955	8310.5575
5866.235620860954	8313.56
5867.210233289953	8318.0775
5868.184845718953	8315.065
5869.159458147952	8319.035
5870.134070576952	8346.1475
5871.108683005951	8407.58
5872.083295434951	8416.8475
5873.05790786395	8369.69
5874.032520292949	8366.795
5875.007132721948	8391.26
5875.981745150948	8436.655
5876.9563575799475	8509.2125
5877.930970008947	8668.3525
5878.905582437947	9327.7575
5879.880194866946	12689.86
5880.854807295946	15645.1525
5881.829419724944	11887.22
5882.804032153944	8778.1825
5883.778644582943	8345.3075
5884.753257011943	8302.2825
5885.727869440942	8293.7925
5886.702481869942	8289.6975
5887.6770942989415	8289.6675
5888.65170672794	8287.1525
5889.62631915694	8285.9175
5890.600931585939	8285.105
5891.575544014939	8285.09
5892.550156443938	8283.765
5893.524768872938	8282.8125
5894.499381301937	8285.0225
5895.473993730937	8284.06
5896.4486061599355	8285.3425
5897.423218588935	8288.115
5898.397831017935	8290.2575
5899.372443446934	8297.1925
5900.347055875934	8356.9625
5901.321668304933	8481.1325
5902.296280733933	8453.96
5903.270893162931	8328.9375
5904.245505591931	8318.3325
5905.22011802093	8377.5
5906.19473044993	8376.1475
5907.1693428789295	8305.37
5908.143955307929	8280.595
5909.1185677369285	8278.035
5910.093180165928	8277.465
5911.067792594927	8283.04
5912.042405023926	8304.9925
5913.017017452926	8325.2875
5913.991629881925	8301.6975
5914.966242310925	8280.7975
5915.940854739924	8278.7875
5916.915467168924	8285.715
5917.890079597923	8304.37
5918.864692026922	8304.5275
5919.839304455922	8282.3525
5920.813916884921	8274.56
5921.788529313921	8272.6625
5922.76314174292	8272.74
5923.73775417192	8273.2425
5924.712366600919	8272.44
5925.686979029918	8273.265
5926.661591458917	8274.46
5927.636203887917	8275.24
5928.6108163169165	8275.0475
5929.585428745916	8275.59
5930.560041174916	8277.1925
5931.534653603915	8278.865
5932.509266032915	8282.795
5933.483878461913	8292.6025
5934.458490890913	8300.9625
5935.433103319912	8306.6725
5936.407715748912	8322.15
5937.382328177911	8345.315
5938.356940606911	8377.5825
5939.3315530359105	8424.5925
5940.306165464909	8499.415
5941.280777893909	8667.6825
5942.255390322908	9242.755
5943.230002751908	13040.845
5944.204615180907	20195.7675
5945.179227609907	17841.7625
5946.153840038906	10338.0275
5947.128452467906	8488.255
5948.1030648969045	8313.7725
5949.077677325904	8287.545
5950.0522897549035	8280.0025
5951.026902183903	8277.58
5952.001514612903	8273.7275
5952.976127041902	8274.0775
5953.950739470902	8271.545
5954.925351899901	8270.595
5955.8999643289	8271.5925
5956.874576757899	8269.3525
5957.849189186899	8269.9375
5958.823801615898	8268.5575
5959.798414044898	8272.875
5960.7730264738975	8282.8275
5961.747638902897	8289.34
5962.722251331896	8281.795
5963.696863760895	8288.0175
5964.671476189895	8341.835
5965.646088618894	8367.905
5966.620701047894	8313.7225
5967.595313476893	8284.3375
5968.569925905893	8284.2225
5969.544538334892	8288.995
5970.519150763891	8301.2075
5971.493763192891	8321.3575
5972.46837562189	8381.4175
5973.44298805089	8666.0475
5974.417600479889	10101.635
5975.392212908889	11737.725
5976.366825337888	10386.8275
5977.341437766887	8640.655
5978.316050195886	8309.2975
5979.290662624886	8273.9575
5980.2652750538855	8266.255
5981.239887482885	8266.7425
5982.214499911885	8265.63
5983.189112340884	8264.9675
5984.163724769884	8264.465
5985.138337198882	8265.025
5986.112949627882	8273.385
5987.087562056881	8315.985
5988.062174485881	8355.38
5989.03678691488	8311.0825
5990.01139934388	8277.6175
5990.9860117728795	8290.6425
5991.960624201878	8303.87
5992.935236630878	8279.905
5993.909849059877	8263.2925
5994.884461488877	8260.855
5995.859073917876	8260.4975
5996.833686346876	8258.1025
5997.808298775875	8259.315
5998.782911204875	8260.74
5999.7575236338735	8264.5875
6000.732136062873	8276.77
6001.7067484918725	8274.89
6002.681360920872	8264.485
6003.655973349872	8259.8275
6004.630585778871	8258.2575
6005.605198207871	8257.9925
6006.579810636869	8257.855
6007.554423065869	8257.0775
6008.529035494868	8257.87
6009.503647923868	8258.025
6010.478260352867	8256.5675
6011.452872781867	8257.6625
6012.4274852108665	8258.5225
6013.402097639866	8258.3925
6014.376710068865	8259.1675
6015.351322497864	8256.185
6016.325934926864	8258.57
6017.300547355863	8258.9075
6018.275159784863	8258.495
6019.249772213862	8260.95
6020.224384642862	8259.9675
6021.198997071861	8262.765
6022.17360950086	8265.615
6023.14822192986	8268.97
6024.122834358859	8277.0575
6025.097446787859	8284.6575
6026.072059216858	8298.4925
6027.046671645858	8329.2175
6028.021284074857	8468.1075
6028.995896503856	9521.1
6029.970508932855	12099.9775
6030.945121361855	11870.3
6031.9197337908545	9229.075
6032.894346219854	8369.6325
6033.868958648854	8278.5875
6034.843571077853	8264.625
6035.818183506853	8261.29
6036.792795935851	8258.8175
6037.767408364851	8257.3425
6038.74202079385	8257.035
6039.71663322285	8256.485
6040.691245651849	8256.87
6041.665858080849	8257.075
6042.6404705098485	8256.805
6043.615082938848	8256.605
6044.589695367847	8255.8825
6045.564307796846	8260.2625
6046.538920225846	8263.0025
6047.513532654845	8260.0825
6048.488145083845	8257.255
6049.462757512844	8256.06
6050.437369941844	8255.1575
6051.411982370842	8256.56
6052.386594799842	8255.3075
6053.3612072288415	8256.035
6054.335819657841	8256.405
6055.310432086841	8255.8425
6056.28504451584	8256.275
6057.25965694484	8257.0875
6058.234269373839	8256.395
6059.208881802838	8257.4575
6060.183494231837	8259.53
6061.158106660837	8258.9575
6062.132719089836	8260.8875
6063.107331518836	8262.99
6064.0819439478355	8271.99
6065.056556376835	8283.79
6066.031168805834	8285.2825
6067.005781234833	8285.4725
6067.980393663833	8295.3925
6068.955006092832	8310.315
6069.929618521832	8333.6675
6070.904230950831	8377.2875
6071.878843379831	8498.15
6072.85345580883	9168.35
6073.828068237829	14055.1425
6074.802680666829	21417.5575
6075.777293095828	17483.385
6076.751905524828	10240.76
6077.726517953827	8493.235
6078.701130382827	8316.8425
6079.675742811826	8288.2775
6080.650355240825	8278.7725
6081.624967669824	8274.1875
6082.599580098824	8272.6675
6083.5741925278235	8272.385
6084.548804956823	8273.385
6085.5234173858225	8275.3475
6086.498029814822	8278.6925
6087.472642243822	8286.2125
6088.44725467282	8295.2225
6089.42186710182	8309.6475
6090.396479530819	8333.4875
6091.371091959819	8360.385
6092.345704388818	8404.98
6093.320316817818	8511.085
6094.294929246817	8953.5075
6095.269541675816	12425.22
6096.244154104816	25089.5975
6097.218766533815	29132.99
6098.193378962815	16303.0425
6099.167991391814	9378.8025
6100.142603820814	8437.1625
6101.117216249813	8323.6675
6102.091828678813	8296.1925
6103.066441107811	8284.405
6104.041053536811	8278.435
6105.0156659658105	8272.8425
6105.99027839481	8270.7075
6106.96489082381	8268.585
6107.939503252809	8266.2525
6108.914115681809	8265.2825
6109.888728110807	8264.955
6110.863340539807	8265.24
6111.837952968806	8264.015
6112.812565397806	8264.6075
6113.787177826805	8264.0575
6114.761790255805	8263.2975
6115.7364026848045	8263.2025
6116.711015113804	8263.91
6117.685627542803	8269.7175
6118.660239971802	8279.3475
6119.634852400802	8273.9575
6120.609464829801	8265.59
6121.584077258801	8262.6475
6122.5586896878	8263.665
6123.5333021168	8264.045
6124.507914545799	8264.2175
6125.482526974798	8270.0325
6126.457139403798	8275.935
6127.431751832797	8340.3725
6128.406364261797	8691.09
6129.380976690796	8959.725
6130.355589119796	8617.99
6131.330201548795	8334.03
6132.304813977795	8284.6625
6133.279426406793	8283.7775
6134.254038835793	8288.7425
6135.2286512647925	8299.2475
6136.203263693792	8319.0775
6137.1778761227915	8347.205
6138.152488551791	8383.9975
6139.127100980791	8434.72
6140.101713409789	8541.53
6141.076325838789	8973.5275
6142.050938267788	12256.4525
6143.025550696788	29128.155
6144.000163125787	40780.6375
6144.974775554787	26117.005
6145.949387983786	11504.395
6146.924000412786	8721.8375
6147.898612841785	8400.975
6148.873225270784	8337.37
6149.847837699784	8317.9625
6150.822450128783	8317.125
6151.797062557783	8304.6375
6152.771674986782	8286.585
6153.746287415782	8278.1625
6154.72089984478	8275.5825
6155.69551227378	8276.6825
6156.6701247027795	8281.84
6157.644737131779	8287.74
6158.619349560779	8295.1875
6159.593961989778	8304.76
6160.568574418778	8329.5825
6161.543186847777	8433.525
6162.517799276776	9263.555
6163.492411705775	14180.9075
6164.467024134775	18899.13
6165.441636563774	14499.855
6166.416248992774	9502.5725
6167.3908614217735	8426.84
6168.365473850773	8304.525
6169.340086279772	8278.83
6170.314698708771	8271.515
6171.289311137771	8263.73
6172.26392356677	8261.08
6173.23853599577	8260.7975
6174.213148424769	8263.8725
6175.187760853769	8280.2525
6176.162373282768	8287.53
6177.136985711767	8269.5775
6178.111598140767	8254.6575
6179.086210569766	8256.0775
6180.060822998766	8254.04
6181.035435427765	8257.26
6182.010047856765	8294.4925
6182.984660285764	8336.5875
6183.959272714763	8304.86
6184.933885143762	8263.84
6185.908497572762	8251.425
6186.883110001761	8249.75
6187.857722430761	8249.61
6188.8323348597605	8256.045
6189.80694728876	8263.29
6190.78155971776	8260.9575
6191.756172146758	8250.8
6192.730784575758	8250.865
6193.705397004757	8254.795
6194.680009433757	8252.5875
6195.654621862756	8250.1325
6196.629234291756	8248.2125
6197.603846720755	8247.8825
6198.578459149754	8247.355
6199.553071578754	8246.61
6200.527684007753	8247.9525
6201.502296436753	8247.3525
6202.476908865752	8249.4275
6203.451521294752	8248.915
6204.426133723751	8252.3625
6205.400746152751	8259.35
6206.375358581749	8273.1375
6207.349971010749	8272.1175
6208.3245834397485	8258.805
6209.299195868748	8253.97
6210.273808297748	8256.84
6211.248420726747	8261.22
6212.223033155747	8267.5275
6213.197645584746	8293.09
6214.172258013745	8356.665
6215.146870442744	8438.4175
6216.121482871744	9028.8125
6217.096095300743	12872.2425
6218.070707729743	16924.3425
6219.0453201587425	13750.41
6220.019932587742	9494.8725
6220.9945450167415	8426.3925
6221.96915744574	8302.255
6222.94376987474	8270.2925
6223.918382303739	8262.1325
6224.892994732739	8257.8675
6225.867607161738	8259.49
6226.842219590738	8258.3375
6227.816832019737	8253.5725
6228.791444448736	8249.06
6229.7660568777355	8246.995
6230.740669306735	8244.8175
6231.715281735735	8245.5175
6232.689894164734	8245.655
6233.664506593734	8245.5825
6234.639119022733	8245.275
6235.613731451733	8245.31
6236.588343880731	8244.46
6237.562956309731	8244.7425
6238.53756873873	8245.0375
6239.51218116773	8247.335
6240.4867935967295	8244.6525
6241.461406025729	8244.31
6242.436018454729	8244.71
6243.410630883727	8245.75
6244.385243312727	8244.935
6245.359855741726	8247.34
6246.334468170726	8252.7325
6247.309080599725	8261.7675
6248.283693028725	8259.72
6249.258305457724	8251.505
6250.232917886724	8249.485
6251.207530315723	8248.6125
6252.182142744722	8248.75
6253.156755173722	8249.6775
6254.131367602721	8250.145
6255.105980031721	8251.66
6256.08059246072	8252.7675
6257.05520488972	8255.52
6258.029817318718	8261.3975
6259.004429747718	8276.9325
6259.9790421767175	8284.6325
6260.953654605717	8286.71
6261.928267034717	8300.725
6262.902879463716	8329.2125
6263.877491892716	8426.565
6264.852104321715	9150.4225
6265.826716750714	15121.615
6266.801329179713	27331.355
6267.775941608713	26109.0275
6268.750554037712	14483.0925
6269.725166466712	9246.545
6270.6997788957115	8454.0875
6271.674391324711	8330.4675
6272.64900375371	8302.3775
6273.623616182709	8291.82
6274.598228611709	8282.7975
6275.572841040708	8267.6775
6276.547453469708	8263.2
6277.522065898707	8258.2
6278.496678327707	8254.585
6279.471290756706	8251.0575
6280.445903185705	8249.79
6281.4205156147045	8249.3325
6282.395128043704	8248.7575
6283.369740472704	8247.7675
6284.344352901703	8247.63
6285.318965330703	8247.045
6286.293577759702	8247.0875
6287.268190188701	8247.3225
6288.2428026177	8245.24
6289.2174150467	8246.45
6290.192027475699	8246.4925
6291.166639904699	8246.45
6292.1412523336985	8248.77
6293.115864762698	8254.315
6294.090477191698	8264.7125
6295.065089620696	8262.4775
6296.039702049696	8253.925
6297.014314478695	8251.15
6297.988926907695	8251.485
6298.963539336694	8255.6925
6299.938151765694	8260.6675
6300.912764194693	8269.0625
6301.887376623692	8297.705
6302.861989052692	8505.6875
6303.836601481691	10338.745
6304.811213910691	14897.4825
6305.78582633969	15280.6425
6306.76043876869	11089.8475
6307.735051197689	8768.455
6308.709663626689	8350.5675
6309.684276055688	8284.22
6310.658888484687	8268.9125
6311.6335009136865	8262.7
6312.608113342686	8263.175
6313.582725771686	8276.705
6314.557338200685	8276.9025
6315.531950629685	8264.5125
6316.506563058684	8253.4875
6317.481175487683	8251.015
6318.455787916682	8251.2275
6319.430400345682	8249.3325
6320.405012774681	8249.3625
6321.379625203681	8251.4525
6322.35423763268	8252.0025
6323.32885006168	8251.4225
6324.3034624906795	8253.785
6325.278074919678	8255.4225
6326.252687348678	8263.2325
6327.227299777677	8298.77
6328.201912206677	8364.0825
6329.176524635676	8368.3775
6330.151137064676	8347.16
6331.125749493675	8392.0375
6332.100361922674	8716.9075
6333.0749743516735	11832.5875
6334.049586780673	22943.0
6335.024199209673	27725.4775
6335.998811638672	18297.1325
6336.973424067672	10521.1425
6337.948036496671	8679.6975
6338.922648925671	8380.0025
6339.897261354669	8314.18
6340.871873783669	8290.775
6341.846486212668	8276.8175
6342.821098641668	8267.79
6343.7957110706675	8262.035
6344.770323499667	8258.505
6345.744935928667	8254.2475
6346.719548357665	8254.765
6347.694160786665	8251.595
6348.668773215664	8250.665
6349.643385644664	8249.74
6350.617998073663	8253.345
6351.592610502663	8257.73
6352.567222931662	8258.18
6353.541835360662	8252.795
6354.516447789661	8249.6575
6355.49106021866	8248.7825
6356.46567264766	8249.435
6357.440285076659	8249.87
6358.414897505659	8250.4775
6359.389509934658	8250.415
6360.364122363658	8251.365
6361.338734792656	8250.5575
6362.313347221656	8251.4675
6363.2879596506555	8253.22
6364.262572079655	8255.72
6365.2371845086545	8258.14
6366.211796937654	8256.0425
6367.186409366654	8258.1125
6368.161021795653	8256.8
6369.135634224652	8259.3
6370.110246653651	8260.0325
6371.084859082651	8261.135
6372.05947151165	8266.07
6373.03408394065	8269.09
6374.008696369649	8271.94
6374.983308798649	8276.65
6375.957921227648	8284.9525
6376.932533656647	8296.0275
6377.907146085647	8313.21
6378.881758514646	8359.8025
6379.856370943646	8610.14
6380.830983372645	10790.665
6381.805595801645	24644.64
6382.780208230644	40595.935
6383.754820659644	35754.155
6384.7294330886425	17757.655
6385.704045517642	10309.6675
6386.678657946642	8787.4375
6387.653270375641	8474.8175
6388.627882804641	8383.4975
6389.60249523364	8347.905
6390.577107662639	8327.9325
6391.551720091638	8316.035
6392.526332520638	8309.715
6393.500944949637	8308.495
6394.475557378637	8314.0475
6395.4501698076365	8319.98
6396.424782236636	8335.935
6397.399394665636	8368.9925
6398.374007094635	8499.8075
6399.348619523634	9358.36
6400.323231952633	16975.05
6401.297844381633	38039.1575
6402.272456810632	45761.475
6403.247069239632	35041.0825
6404.221681668631	15848.885
6405.19629409763	10034.9325
6406.17090652663	8814.36
6407.145518955629	8514.8175
6408.120131384629	8420.045
6409.094743813628	8389.3975
6410.069356242628	8358.24
6411.043968671627	8320.3125
6412.018581100627	8295.79
6412.993193529626	8285.6725
6413.967805958625	8275.37
6414.9424183876245	8269.7525
6415.917030816624	8264.4525
6416.8916432456235	8263.0
6417.866255674623	8260.33
6418.840868103623	8258.145
6419.815480532621	8261.4475
6420.790092961621	8266.765
6421.76470539062	8268.5075
6422.73931781962	8258.635
6423.713930248619	8254.105
6424.688542677619	8251.6575
6425.663155106618	8249.1375
6426.637767535618	8247.9925
6427.6123799646175	8248.9075
6428.586992393616	8247.5175
6429.561604822616	8247.0575
6430.536217251615	8248.2575
6431.510829680615	8245.9025
6432.485442109614	8257.0125
6433.460054538614	8245.5675
6434.434666967613	8245.4375
6435.409279396612	8244.7775
6436.3838918256115	8244.3025
6437.358504254611	8243.62
6438.333116683611	8245.02
6439.30772911261	8242.9175
6440.28234154161	8242.1125
6441.256953970609	8243.4625
6442.231566399609	8245.73
6443.206178828607	8254.8175
6444.180791257607	8261.9375
6445.155403686606	8262.175
6446.130016115606	8246.545
6447.1046285446055	8242.3125
6448.079240973605	8241.7225
6449.053853402605	8240.045
6450.028465831603	8241.0
6451.003078260603	8240.925
6451.977690689602	8240.245
6452.952303118602	8239.605
6453.926915547601	8240.375
6454.901527976601	8240.35
6455.8761404056	8240.445
6456.8507528346	8239.81
6457.8253652635985	8240.28
6458.799977692598	8239.2325
6459.774590121598	8239.1075
6460.749202550597	8239.595
6461.723814979597	8240.5525
6462.698427408596	8238.0525
6463.673039837596	8239.8475
6464.647652266594	8238.005
6465.622264695594	8239.465
6466.596877124593	8239.87
6467.571489553593	8239.1475
6468.5461019825925	8240.015
6469.520714411592	8238.7025
6470.495326840592	8238.405
6471.469939269591	8239.1025
6472.44455169859	8238.8925
6473.419164127589	8240.25
6474.393776556589	8241.085
6475.368388985588	8240.355
6476.343001414588	8240.56
6477.317613843587	8240.94
6478.292226272587	8241.07
6479.266838701586	8241.485
6480.241451130585	8242.4925
6481.216063559585	8251.7825
6482.190675988584	8242.63
6483.165288417584	8241.35
6484.139900846583	8242.995
6485.114513275583	8243.0275
6486.089125704582	8245.1325
6487.063738133582	8245.3275
6488.0383505625805	8245.8825
6489.01296299158	8246.6225
6489.98757542058	8248.015
6490.962187849579	8248.9725
6491.936800278579	8250.1775
6492.911412707578	8250.2525
6493.886025136577	8254.14
6494.860637565576	8255.425
6495.835249994576	8257.3375
6496.809862423575	8261.3875
6497.784474852575	8264.72
6498.7590872815745	8272.02
6499.733699710574	8282.26
6500.7083121395735	8303.795
6501.682924568573	8411.6075
6502.657536997572	9245.2425
6503.632149426571	16072.97
6504.606761855571	34848.6575
6505.58137428457	39284.5
6506.55598671357	23967.1125
6507.530599142569	12723.8075
6508.505211571568	9649.5425
6509.4798240005675	8789.585
6510.454436429567	8511.07
6511.429048858567	8399.5725
6512.403661287566	8344.0
6513.378273716566	8312.875
6514.352886145565	8293.6825
6515.327498574565	8280.1425
6516.302111003564	8270.0775
6517.276723432563	8265.91
6518.251335861562	8262.0675
6519.225948290562	8258.07
6520.2005607195615	8256.3375
6521.175173148561	8256.4025
6522.149785577561	8255.515
6523.12439800656	8256.5975
6524.099010435559	8255.9275
6525.073622864558	8257.7
6526.048235293558	8259.925
6527.022847722557	8270.185
6527.997460151557	8339.1975
6528.972072580556	8942.86
6529.946685009556	13084.84
6530.9212974385555	20137.2725
6531.895909867554	18586.5325
6532.870522296554	12240.145
6533.845134725553	9382.035
6534.819747154553	8642.415
6535.794359583552	8415.71
6536.768972012552	8333.1125
6537.743584441551	8295.1775
6538.71819687055	8278.5825
6539.6928092995495	8267.825
6540.667421728549	8257.6075
6541.642034157549	8262.4725
6542.616646586548	8252.025
6543.591259015548	8247.21
6544.565871444547	8245.585
6545.540483873547	8245.095
6546.515096302545	8244.27
6547.489708731545	8242.7525
6548.464321160544	8243.8075
6549.438933589544	8242.7775
6550.4135460185435	8241.36
6551.388158447543	8241.17
6552.3627708765425	8241.33
6553.337383305541	8240.7075
6554.311995734541	8240.79
6555.28660816354	8242.1925
6556.26122059254	8241.2425
6557.235833021539	8244.145
6558.210445450539	8239.6625
6559.185057879538	8241.0425
6560.159670308538	8239.2575
6561.1342827375365	8239.9425
6562.108895166536	8239.835
6563.083507595536	8239.24
6564.058120024535	8241.195
6565.032732453535	8240.2525
6566.007344882534	8239.3775
6566.981957311534	8241.59
6567.956569740532	8240.725
6568.931182169532	8240.8975
6569.905794598531	8240.1925
6570.880407027531	8239.7875
6571.8550194565305	8242.4975
6572.82963188553	8243.2025
6573.80424431453	8244.7175
6574.778856743529	8244.2925
6575.753469172529	8245.005
6576.728081601527	8246.6175
6577.702694030527	8250.445
